10672139085
10672068026
10671604935
10671514453
10667637894
10669966825
10657717121
10648947113
10648705550
10647312938
10665456288
10665100278
10664530728
10663950972
10661588339
10661479572
10660225115
10660177692
10659773622
10659486676
10657027899
10656388642
10656227665
10655275557
10655117632
10654739816
10654564751
10654482637
10654156855
10653510624
10652511140
10652371039
10651699096
10649633807
10649593604
10649358889
10649352678
10649303042
10647614352
10647396394
10647331148
10647296567
10646749868
10646549705
10644606314
10644213471
10644189661
10643990184
10643739805
10643680046
10641965155
10641484138
10641348525
10641244906
10641191238
10641176704
10641034290
10640637367
10640578314
10640523749
10639195361
10638720018
10638555691
10638550071
10638460010
10637981858
10637584025
10636652070
10636316475
10636180169
10636032248
10635445783
10633517489
10633045756
10633042010
10631647638
10631275764
10630978119
10629103680
10629081547
10628578573
10628329643
10628201047
10628184652
10627806498
10627072315
10626273407
10625842174
10625557304
10625074695
10624729080
10623417945
10623147446
10622979537
10622771675
10622465596
10622108054
10621963417
10620948990
10620835607
10620554768
10620114530
10620007411
10620006214
10619905158
10618043443
10617778025
10617306570
10616822575
10616791591
10610268664
10608691311
10607574958
10605356648
10604994165
10604902202
10604463761
10603252394
10603006467
10602826979
10602445451
10602214008
10600795558
10599479496
10599443765
10596605653
10594168968
10594046324
10591509941
10589326338
10589293336
10589028427
10588989543
10588517594
10587197310
10586566884
10585506126
10583859763
10583799329
10583429441
10581047666
10580758780
10580686838
10578921168
10578814434
10578228786
10573564579
10573483131
10573316226
10573206090
10572919321
10572874447
10571925680
10570223111
10570172250
10570126928
10570051304
10569859150
10569437506
10568155185
10567476128
10567465988
10567355436
10567042652
10565796258
10565070601
10626612830
10606088745
10605541306
10602061586
10600824906
10600678395
10600653298
10593813929
10583085938
10578955296
10553796486
10548003395
10547964654
10537817045
10531536987
10674543344
10674335739
10674240281
10674221437
10674135718
10674763919
10674464922
10632911852
10572956802
10561543908
10561531492
10534098144
10674932697
10674820215
10674536186
10674514306
10674492545
10674148755
10674117084
10674458524
10266050609
10674824973
10674456733
10673126489
10672385011
10671393695
10561554428
10554444053
10492711599
10492685604
10487396023
10487366152
10458996191
10664889492
10662378318
10661594524
10659612383
10659437193
10657072012
10624891382
10621658546
8553605859
10654685225
10646818094
10644291021
10599483510
10674413667
10672183135
8503608088
10573149006
10638777129
10604392989
