5291698277843814
5291684269131756
5291683475358473
5291681470751048
5291677067774437
5291675725333796
5291673706037817
5291673374427915
5291666942725575
5291666140823874
5291698349148850
5291696692396398
5291695682094801
5291695533990683
5291688388199951
5291684448706649
5291675184006255
5291674590779142
5291553125302645
5291551982882209
5291536880763804
5291513250842398
5291493315054158
5291698294362088
5291697078278469
5291649900219267
5291646122198785
5291644749617476
5291702720136408
5291695904135150
5291695266074498
5291677205402096
5291674158765807
5291661689362505
5291655416512725
5291655217288549
5291648559090851
5291697395205210
5291694291683161
5291691620703327
5291689384351951
5291680455726309
5291679705991431
5291679604281778
5291677321531765
5291653855185399
5291648474677857
5291648303239682
5291644348009033
5291643552927557
5291643016318374
5291640501306658
5291633717282420
5291633339797184
5291629697304275
5291651019052035
5291650264859077
5291637513388380
5291633008446929
5291613061382843
5291611564542721
5291608641111057
5291603046433507
