7597762145379706803
7633045332846972671
7633242179230736547
7615495170642292203
7623735846814253903
7608026433852845169
7620775902423847336
7603521999521182886
7633334888243341433
7631107697941892340
7611504616623519675
7613958633046697834
7613328080559930345
7633232005933762161
7617492208175209448
7467486827339992378
7608748681638276858
7628062023638048934
7576922597519133952
7533904145578806547
7195647022269992247
7623309000473861305
7619580284288447227
7494212465052405028
7603695609543107249
7436203390318775562
7475930989131205888
7622319354641763626
7425592331841047858
7633324010198500325
7632664706478634420
7632827721224277861
7631954667183285881
7633060737967499621
7577949686386168655
7561768158676749626
7595040046500623430
7633171600062820987
7629355631799273147
7606001517841515770
7600479410308129958
7600675184752388979
7596712842167204209
7632794755635134961
7632710589945469038
7587429093685232226
7613339193984716465
7587687443018911034
7426672321428983094
7617505203537675946
7435812342035795259
7599933496048218358
7589662357493585402
7587307691103964459
7507227365463526668
