5290238463448487
5290208295649583
5290162389254365
5290154219798747
5290153593537024
5290039824092256
5289891630948000
5289828159063425
5289795563817798
5289715394936991
5290237794453903
5290233094738211
5290232291529670
5290230542502040
5290226630011166
5290225908588200
5290224234267321
5290223236032601
5290222657209859
5290220604097824
5290240979241593
5290239972083103
5290239308334872
5290239041998701
5290238932419565
5290236063517902
5290236042281916
5290235202118258
5290231645607325
5290231580328483
5290237506624734
5290226952178933
5290222415514434
5290219792236968
5290213607735469
5290211817030130
5290211312666211
5290234938133272
5290221618594313
5290132593967972
5289709993461150
5289524337054648
5289350105400767
5289350105138308
5289350103565236
5289350099373129
5289350099371862
5289350009194697
5289340135279045
5289334611641382
5290215495174972
5290210841856744
5290201652924709
5290200324637091
5290200298949454
5290199187983648
5290241764360632
5290241477054137
5290239984935052
5290239951635103
5290239098881475
5290238504077846
5290237932870369
5290236248590701
5290235983827034
5290235516689591
5290214857902458
5290213974742088
5290198243738867
5290183948763187
5290177517847692
5290176458524589
5290175496193673
5290171083786245
5290162236164343
5290197119667192
5290193871440938
5290189723272229
5290187111794034
5290186796696306
5290184972177788
5290184880951150
5290184794965325
5290231297474823
5290231147266386
5290230286649154
5290229720416479
5290229310948279
5290228878413600
5290228665551007
5290226285287254
5290225402380713
5290223698453183
5290241812335559
5290239167038432
5290206578348321
5290204072252357
5290232863787993
5290231721902507
5290231307703219
5290227797067891
5290217179189432
5290242459311646
5290242279736164
5290242024145184
5290241935540742
5290241262883122
5290240562431860
5290239914675080
5290239124049317
5290236965298502
5290155785326955
5290142907760710
5290137216354797
5290125220906403
5290107797248591
5290105149329622
5290098885397374
5290098505814886
5290094972111653
5290091759010331
5290087837599804
5290149703583572
5290088495055375
5289974180348270
5289891836726519
5289813411365375
5289806907310766
5289506724642918
5289408024546183
5289380331651281
5289349543365126
5290248554155961
5290248445367034
5290248309310113
5290247426676698
5290246167069693
5290245746854769
5290245704649917
5290245655371989
5290245219946202
5290244547287561
5290247166363560
5290244213575506
5289288167063654
5289194592929147
5289176620078416
5289097314698004
5289060717560769
5289050678233751
5289045602862072
5289006227000026
5288986127368435
5288788601605862
5290244070969318
5290243930459960
5290242525371268
5290242512782819
5290241621234579
5290241059719222
5290240979765683
5290240927336394
5290240709237167
5290240700846084
5288781364335131
5288760246015636
5288754579507104
5288728442702855
5288701680685566
5288680803798522
5288468025450032
5288460090871044
5288371744410687
5288357170775425
5290240647372931
5290240601228326
5290240274859821
5290240220072533
5290240216665089
5290240035784842
5290239908384255
5290239795137232
5290239660922211
5290239520410348
5290248942656230
5290242139751640
5290240060165367
5290239425776137
5290251628058583
5290248412336004
5290243999138212
5290246321472030
5290244429586049
5290251711155571
5290251607084360
5290251473128884
5290251067064812
5290250739912881
5290250638198816
5290250108933787
5290249244904725
5290249141357733
5290249124316692
5290252434148489
5290251775116511
5290251366958247
5290250230569703
5290246012668532
5290245999297230
5290243311272738
5290243129611283
5290252495231600
5290252141068622
5290251724524793
5290251435120470
5290250962471010
5290250660479827
5290250453912522
5290250372907112
5290250047065343
5290249892659364
5290252252218322
5290250043655601
5290250027142326
5290249427355391
5290248134983976
5290249879032667
5290249727246783
5290249490010333
5290249391446848
5290249299167225
5290249245695644
5290249179892014
5290254430898650
5290253926531879
5290253834256676
5290253708695976
5290253708437419
5290253604884127
5290253516538229
5290253422434920
5290253388617247
5290243028687458
5290254548339711
5290238315595297
5290237873883371
5290230978713444
5290227403067228
5290227402807432
5290254640616585
5290254527632007
5290254275707359
5290254106890664
5290253767410426
5290253562415845
5290253402516727
5290252935893293
5290252344494823
5290251297752135
5290250603598415
5290256614296976
5290256195655774
5290255704916292
5290255608447065
5290254993195629
5290254382929541
5290253407487103
5290253377868766
5290252210274676
5290251868179024
5290083633597880
5289945457756091
5290256166816072
5290250983444988
5290250601236161
5290250010103371
5290249421064520
5290248852473845
5290248243517454
5290247212500624
5290247110793134
5290246599344291
5290245522460720
5290254825164820
5290253764264819
5290257475964609
5290257157197805
5290257156673303
5290257047096823
5290257006201765
5290256859401927
5290256837641896
5290256787052066
5290256781807181
5290256588867951
5290230912650845
5290256468280294
5290254689899395
5290254395252280
5290252504926023
5290247422482113
5289332923439381
5289229600948368
5289210509789026
5289158004182646
5289155154152427
5289153144292003
5290243473542842
5290241994786483
5290241791363781
5290190675643082
5290256828206537
5290252051945357
5290233966101506
5290230912660449
5290220146919588
5290219609787070
5290211439281898
5290205584033221
5290189002900407
5290183666959896
5290257761438575
5290424290772942
5290424153409659
5290423327394570
5290423165913547
5290423144941055
5290423024878776
5290422689595783
5290422068577924
5290422064382110
5290287784264071
5290425648677330
5290425587076273
5290425512624325
5290425504237458
5290425476976338
5290425407769013
5290424903402034
5290424895799741
5290424751358260
